	2015 week: 1	2015 week: 2	2015 week: 3	2015 week: 4	2015 week: 5	2015 week: 6	2015 week: 7	2015 week: 8	2015 week: 9	2015 week: 10	2015 week: 11	2015 week: 12	2015 week: 13	2015 week: 14	2015 week: 15	2015 week: 16	2015 week: 17	2015 week: 18	2015 week: 19	2015 week: 20	2015 week: 21	2015 week: 22	2015 week: 23	2015 week: 24	2015 week: 25	2015 week: 26	2015 week: 27	2015 week: 28	2015 week: 29	2015 week: 30	2015 week: 31	2015 week: 32	2015 week: 33	2015 week: 34	2015 week: 35	2015 week: 36	2015 week: 37	2015 week: 38	2015 week: 39	2015 week: 40	2015 week: 41	2015 week: 42	2015 week: 43	2015 week: 44	2015 week: 45	2015 week: 46	2015 week: 47	2015 week: 48	2015 week: 49	2015 week: 50	2015 week: 51	2015 week: 52	2015 week: 53
Afghanistan	1	1	0	4	 	0	0	0	0	0	0	0	0	 	1	1	0	0	0	0	 	0	0	0	 	0	0	0	0	0	0	0	0	0	0	0	0	0	0	0	0	0	0	0	0	0	0	0	1	 	4	 	 
Albania	4	2	3	15	30	 	 	3	3	1	5	0	2	0	0	0	0	0	 	 	 	 	 	 	 	 	 	 	 	 	 	 	 	 	 	 	 	 	 	 	 	 	 	 	 	 	 	 	 	 	 	 	 
Algeria	14	24	28	34	62	54	41	47	27	10	9	3	1	2	1	0	0	0	0	0	0	0	0	0	0	0	0	0	0	0	0	0	0	0	0	 	 	0	0	0	 	 	0	 	 	0	0	0	1	1	1	8	 
Argentina	2	2	0	1	0	1	0	1	1	2	1	2	3	4	1	0	1	4	7	4	7	19	26	34	41	58	70	163	98	196	207	213	196	193	178	113	97	73	 	47	25	19	15	18	28	19	7	10	5	3	 	 	 
Australia	20	24	18	18	24	22	30	20	22	20	20	29	34	21	25	39	40	24	41	42	41	62	67	62	80	144	129	128	157	157	198	171	246	179	165	159	182	164	110	85	64	39	25	14	 	 	 	 	 	 	 	 	 
Austria	39	82	195	171	288	316	333	282	227	192	140	93	52	26	 	 	 	 	 	 	 	 	 	 	 	 	 	 	 	 	 	 	 	 	 	 	 	 	 	 	 	 	 	 	 	 	 	 	 	 	 	 	 
Azerbaijan	0	 	0	0	0	0	0	0	0	0	0	0	0	0	0	0	0	0	0	 	 	 	 	 	 	 	 	 	 	 	 	 	 	 	 	 	 	 	 	 	 	 	 	 	 	 	 	 	 	 	 	 	 
Bahrain	4	4	4	2	3	9	8	16	7	4	2	3	2	4	2	2	3	2	2	5	2	2	3	3	1	1	0	0	0	0	2	0	1	0	0	2	2	5	13	10	58	104	120	87	43	25	15	16	19	9	16	8	 
Bangladesh	0	0	0	0	5	1	3	0	10	2	7	5	4	6	7	12	16	20	31	26	33	35	34	23	43	41	56	25	20	26	35	29	19	21	17	13	14	10	6	9	11	2	0	10	7	7	0	4	2	2	6	4	 
Belarus	11	19	43	69	76	70	75	37	40	31	22	15	20	10	1	0	0	0	0	0	0	0	0	0	0	0	0	 	 	 	 	 	 	 	 	 	 	 	 	 	 	 	 	 	 	 	 	 	 	 	 	 	 
Belgium	41	55	55	77	74	67	24	16	17	14	13	11	6	0	0	0	0	1	0	0	0	0	0	0	0	 	 	 	 	 	 	 	 	 	 	 	 	 	 	 	 	 	 	 	 	 	 	 	 	 	 	 	 
Bhutan	0	0	0	3	1	14	15	12	6	21	19	21	12	13	6	4	12	12	8	2	2	0	2	3	0	2	5	8	0	3	7	0	4	1	1	4	1	3	3	8	1	1	2	0	2	1	1	2	4	1	2	1	 
Bolivia	0	0	0	1	0	0	1	1	1	0	0	0	3	5	2	2	2	1	3	2	4	7	11	9	5	6	5	2	4	3	3	4	4	 	 	 	 	 	 	 	 	 	 	 	 	 	 	 	 	 	 	 	 
Brazil	11	11	12	6	9	21	11	8	16	17	20	26	22	15	23	26	29	45	59	65	63	44	33	27	35	19	23	22	19	28	26	21	9	11	16	16	22	 	14	9	12	11	10	3	9	18	19	6	11	22	8	23	 
Bulgaria	1	4	30	36	28	18	7	34	21	8	11	5	9	8	2	4	1	0	0	0	0	0	0	0	0	0	0	 	 	 	 	 	 	 	 	 	 	 	 	 	 	 	 	 	 	 	 	 	 	 	 	 	 
Burkina Faso	0	3	0	 	 	 	 	 	 	 	 	 	 	 	 	 	 	 	 	 	 	 	 	 	 	 	 	 	 	 	 	 	 	 	 	 	 	 	 	 	 	 	 	 	 	 	 	 	 	 	 	 	 
Cambodia	0	1	0	0	1	1	1	0	2	0	2	2	3	0	1	2	1	1	1	0	1	6	11	8	4	16	14	17	19	14	12	18	15	10	7	4	2	7	3	1	2	3	6	4	4	5	4	5	11	8	4	4	 
Cameroon	3	3	1	4	5	5	9	11	8	15	39	12	47	27	43	12	12	14	19	8	7	3	5	1	1	2	1	4	3	2	3	4	4	1	2	8	4	11	10	11	 	13	22	17	5	19	17	6	22	1	4	5	 
Canada	4232	3830	2934	2036	1884	1628	1488	1261	1124	1066	1018	1044	796	747	740	559	416	317	233	143	92	64	64	42	58	16	6	13	10	13	14	6	13	8	9	17	16	29	58	53	37	26	30	40	68	88	55	30	63	96	115	183	 
Central African Republic	0	1	1	 	 	 	 	 	 	 	 	 	 	 	 	 	 	 	 	 	 	 	 	 	 	 	 	 	 	 	 	 	 	 	 	 	 	 	 	 	 	 	 	 	 	 	 	 	 	 	 	 	 
Chile	1	3	3	10	0	0	5	5	3	1	3	3	1	1	1	2	5	0	1	6	9	4	9	15	22	46	67	44	73	87	106	123	164	 	 	 	 	 	 	 	 	 	 	 	 	 	 	 	 	 	 	 	 
China	3314	3319	3671	3712	3174	2671	2062	2307	2068	2127	1930	1723	1342	1076	832	912	754	711	622	646	658	1068	1489	1864	1977	2305	1971	1648	1669	1613	1374	1161	982	926	606	486	318	225	164	202	 	237	170	172	176	97	 	 	 	 	 	 	 
Colombia	18	26	24	26	21	22	21	13	9	7	6	6	5	5	5	6	8	5	7	7	7	6	4	5	5	3	3	3	5	5	5	7	 	 	 	 	 	 	 	 	 	 	 	 	 	 	 	 	 	 	 	 	 
Costa Rica	10	3	8	3	1	1	1	0	1	0	0	1	0	0	0	0	0	0	0	0	0	0	0	0	0	0	0	0	1	0	1	1	 	 	 	 	 	 	 	 	 	 	 	 	 	 	 	 	 	 	 	 	 
Croatia	44	106	115	96	127	153	130	129	76	55	33	17	33	7	3	0	1	1	0	 	 	 	 	 	 	 	 	 	 	 	 	 	 	 	 	 	 	 	 	 	 	 	 	 	 	 	 	 	 	 	 	 	 
Cuba	2	6	11	5	5	5	3	8	3	9	3	3	0	5	5	2	1	1	6	0	4	3	3	12	10	24	24	31	37	34	37	22	26	 	 	 	 	 	 	 	 	 	 	 	 	 	 	 	 	 	 	 	 
Czech Republic	14	20	35	60	109	110	86	81	49	29	36	21	19	 	10	11	4	4	2	 	 	 	 	 	 	 	 	 	 	 	 	 	 	 	 	 	 	 	 	 	 	 	 	 	 	 	 	 	 	 	 	 	 
Côte d'Ivoire	1	4	2	2	0	3	15	2	0	1	4	3	6	3	4	13	9	7	9	8	6	4	4	14	9	22	13	9	13	9	8	2	5	4	2	4	1	6	4	6	8	5	3	3	3	2	1	7	5	5	1	2	 
Democratic Republic of the Congo	4	17	7	9	2	1	0	0	2	2	0	1	2	4	1	3	6	7	6	4	23	13	14	12	16	12	9	3	0	1	0	0	1	1	0	0	0	0	0	1	1	4	4	0	8	6	0	0	0	3	3	0	 
Denmark	15	26	17	57	117	201	231	306	318	299	259	232	123	111	73	42	31	21	21	18	8	9	10	5	4	2	 	 	 	 	 	 	 	 	 	 	 	 	 	 	 	 	 	 	 	 	 	 	 	 	 	 	 
Dominican Republic	0	0	1	0	1	0	0	0	0	0	0	1	0	0	0	1	2	0	1	2	5	0	0	0	2	1	1	0	1	1	1	0	0	 	 	 	 	 	 	 	 	 	 	 	 	 	 	 	 	 	 	 	 
Ecuador	2	7	6	4	5	1	5	4	3	4	0	1	0	3	2	0	2	1	3	4	2	3	7	3	2	1	7	4	3	0	1	1	0	 	 	 	 	 	 	 	 	 	 	 	 	 	 	 	 	 	 	 	 
Egypt	107	67	100	87	46	40	45	48	46	54	23	31	47	28	20	11	21	12	10	9	5	6	6	8	5	6	 	0	2	10	3	2	2	0	7	3	0	0	8	23	4	2	1	3	4	15	17	15	52	103	182	281	 
El Salvador	0	4	4	1	3	1	1	0	1	1	2	1	0	1	2	0	1	0	1	2	2	2	0	5	5	1	2	4	1	3	1	2	0	0	0	1	0	0	2	1	0	1	5	4	4	2	6	3	2	1	3	0	 
Estonia	5	6	44	57	86	90	79	85	65	67	24	24	32	35	19	 	16	7	5	2	1	0	0	1	0	0	0	 	 	 	 	 	 	 	 	 	 	 	 	 	 	 	 	 	 	 	 	 	 	 	 	 	 
Ethiopia	0	0	 	 	 	 	 	 	 	 	 	 	 	 	 	 	 	 	 	 	 	 	 	 	 	 	 	 	 	 	 	 	 	 	 	 	 	 	 	 	 	 	 	 	 	 	 	 	 	 	 	 	 
Fiji	0	0	0	0	0	1	0	3	3	0	0	1	2	0	0	0	0	0	0	1	1	0	0	0	0	0	0	0	0	1	0	3	6	3	6	2	6	4	 	 	 	 	 	 	 	 	 	 	 	 	 	 	 
Finland	6	11	12	12	14	7	8	13	16	6	2	5	6	3	1	4	1	0	0	0	0	0	0	0	0	0	 	 	 	 	 	 	 	 	 	 	 	 	 	 	 	 	 	 	 	 	 	 	 	 	 	 	 
France	302	504	788	1207	1837	2358	2484	1919	1174	730	447	304	232	127	34	28	26	5	5	1	2	3	0	0	3	0	0	0	0	1	1	0	0	0	1	0	1	1	0	9	18	5	13	10	6	7	5	10	17	33	30	36	199
French Guiana	0	1	0	0	3	3	5	11	16	2	8	13	10	10	6	2	4	0	2	1	5	5	4	3	8	11	9	7	2	1	0	0	1	0	0	0	1	0	0	0	0	0	0	0	0	0	0	0	0	0	0	0	 
Georgia	2	8	4	10	13	27	13	19	8	6	4	10	2	0	0	1	1	1	0	0	0	0	1	0	0	2	0	 	 	 	 	 	 	 	 	 	 	 	 	 	 	 	 	 	 	 	 	 	 	 	 	 	 
Germany	55	85	127	153	164	204	203	204	156	118	76	66	31	21	12	6	10	2	1	0	0	0	2	0	1	2	0	 	 	 	 	 	 	 	 	 	 	 	 	 	 	 	 	 	 	 	 	 	 	 	 	 	 
Ghana	5	1	1	0	2	1	1	4	1	2	7	11	19	22	30	24	32	16	22	11	5	13	24	14	16	9	9	8	3	8	5	3	4	7	6	 	5	1	12	3	3	2	1	1	2	7	6	3	4	11	5	0	 
Greece	34	71	144	104	82	60	99	153	110	66	73	50	18	19	15	7	3	1	0	0	 	 	0	 	0	 	 	 	 	 	 	 	 	 	 	 	 	 	 	 	 	 	 	 	 	 	 	 	 	 	 	 	 
Guadeloupe	0	3	12	10	21	3	3	7	8	4	3	3	2	2	2	0	0	0	0	0	0	0	0	0	0	0	0	1	0	0	0	0	0	0	0	0	0	0	0	0	0	0	0	0	0	0	1	0	2	0	2	0	 
Guatemala	3	2	3	5	2	3	2	2	4	4	2	4	0	2	1	3	3	5	1	0	2	2	3	4	3	3	4	1	0	0	0	1	1	 	 	 	 	 	 	 	 	 	 	 	 	 	 	 	 	 	 	 	 
Honduras	3	4	0	0	0	0	0	0	1	0	0	0	0	0	0	0	0	0	2	0	0	0	0	0	0	0	0	0	0	0	0	0	 	 	 	 	 	 	 	 	 	 	 	 	 	 	 	 	 	 	 	 	 
Hungary	5	34	55	106	110	126	93	87	59	14	13	19	 	1	2	1	0	0	0	 	 	 	 	 	 	 	 	 	 	 	 	 	 	 	 	 	 	 	 	 	 	 	 	 	 	 	 	 	 	 	 	 	 
Iceland	4	10	16	20	30	30	29	40	15	15	20	8	11	9	14	2	0	4	6	0	2	 	 	 	 	 	 	 	 	 	 	 	 	 	 	 	 	 	 	 	 	 	 	 	 	 	 	 	 	 	 	 	 
India	6	6	17	31	127	277	660	889	1040	928	557	272	119	66	40	32	14	6	13	8	8	1	4	2	2	2	3	3	8	8	8	19	37	60	62	55	53	65	53	76	41	26	23	11	10	9	2	5	 	1	1	3	 
Indonesia	3	21	36	25	32	44	38	35	54	46	31	41	32	22	31	24	15	22	10	25	10	9	14	10	7	10	10	3	5	6	8	12	13	12	18	18	22	13	17	17	13	28	27	10	11	16	24	18	7	14	12	20	 
Iran (Islamic Republic of)	43	34	67	107	127	105	129	77	109	76	47	44	31	32	23	21	13	16	10	8	2	0	2	0	5	1	1	0	0	0	1	0	0	1	0	0	1	0	7	34	13	6	2	17	8	24	22	61	356	930	622	190	 
Iraq	2	13	22	69	68	44	19	12	8	2	22	12	0	0	0	1	0	0	0	0	0	0	0	0	0	0	1	3	1	2	4	0	2	0	0	0	0	0	0	0	0	3	0	0	0	3	4	6	11	19	42	51	 
Ireland	67	62	104	119	148	219	255	194	175	127	81	80	60	67	39	45	14	22	13	12	5	5	2	7	2	 	 	 	 	 	 	 	 	 	 	 	 	 	 	 	 	 	 	 	 	 	 	 	 	 	 	 	 
Israel	19	29	 	94	127	116	102	99	63	74	27	21	9	11	13	 	 	 	 	 	 	 	 	 	 	 	 	 	 	 	 	 	 	 	 	 	 	 	 	 	 	 	 	 	 	 	 	 	 	 	 	 	 
Italy	195	399	538	528	484	384	264	203	170	115	82	76	49	28	19	8	 	 	 	 	 	 	 	 	 	 	 	 	 	 	 	 	 	 	 	 	 	 	 	 	 	 	 	 	0	0	1	4	3	7	10	11	 
Jamaica	5	7	4	4	6	1	2	3	0	1	0	0	0	0	1	0	2	0	0	0	0	1	0	0	0	0	0	0	0	0	0	0	 	 	 	 	 	 	 	 	 	 	 	 	 	 	 	 	 	 	 	 	 
Japan	611	501	530	412	310	204	262	164	150	144	146	97	70	57	83	64	25	13	22	18	10	11	8	7	7	3	5	1	1	4	2	3	5	5	17	6	7	3	10	13	8	33	10	22	24	30	22	38	45	55	78	49	 
Jordan	3	0	4	7	5	13	5	2	14	44	47	49	45	96	61	51	38	38	8	16	3	6	3	1	0	1	2	 	1	0	0	0	0	1	0	0	0	1	1	2	0	0	0	4	3	3	0	1	0	9	8	38	 
Kazakhstan	21	47	53	74	59	77	76	67	46	36	18	5	4	4	3	2	 	0	0	0	0	0	 	0	0	0	0	 	 	 	 	 	 	 	 	 	 	 	 	 	 	 	 	 	 	 	 	 	 	 	 	 	 
Lao People's Democratic Republic	5	16	14	13	12	9	22	39	16	26	23	20	10	15	3	5	12	19	11	19	1	13	6	2	7	5	22	11	14	6	7	9	16	1	21	15	34	28	16	14	11	16	7	2	5	5	5	2	1	 	14	 	 
Latvia	46	104	202	227	219	219	174	112	84	80	52	67	69	41	31	23	29	24	17	10	7	 	2	 	1	 	 	 	 	 	 	 	 	 	 	 	 	 	 	 	 	 	 	 	 	 	 	 	 	 	 	 	 
Lithuania	0	4	23	12	29	44	37	48	41	32	19	28	24	4	2	6	5	2	0	0	0	0	0	0	0	0	0	 	 	 	 	 	 	 	 	 	 	 	 	 	 	 	 	 	 	 	 	 	 	 	 	 	 
Luxembourg	5	13	34	55	61	69	48	66	29	27	27	18	20	5	1	0	0	0	0	 	 	 	 	 	 	 	 	 	 	 	 	 	 	 	 	 	 	 	 	 	 	 	 	 	 	 	 	 	 	 	 	 	 
Madagascar	6	28	38	25	14	16	30	24	28	23	12	11	16	4	1	3	2	2	3	3	2	2	7	5	9	5	2	7	8	15	11	16	11	9	4	0	2	4	13	10	5	4	6	1	3	2	7	3	0	23	7	2	 
Malaysia	1	2	1	3	3	0	0	0	1	2	2	0	2	1	1	1	1	1	0	2	2	1	4	0	1	1	0	1	0	0	0	1	2	0	2	1	0	0	1	1	1	3	2	0	1	1	2	1	2	0	0	4	 
Malta	4	6	2	2	3	6	7	2	1	3	1	0	2	3	3	2	0	1	1	 	0	0	0	0	0	0	0	 	 	 	 	 	 	 	 	 	 	 	 	 	 	 	 	 	 	 	 	 	 	 	 	 	 
Martinique	2	4	8	13	13	21	18	25	31	21	9	7	5	2	0	0	0	0	0	0	0	0	0	0	0	0	0	0	0	0	0	0	0	0	0	0	0	0	0	1	0	0	0	0	0	0	0	0	0	1	3	0	 
Mauritius	0	0	2	 	 	 	 	 	 	 	 	 	 	 	 	 	 	 	 	 	 	 	 	 	 	 	 	 	 	 	 	 	 	 	 	 	 	 	 	 	 	 	 	 	 	 	 	 	 	 	 	 	 
Mexico	192	168	183	179	112	123	97	86	63	40	39	34	25	20	16	24	26	13	13	10	1	6	9	4	9	10	9	5	14	10	3	12	9	6	8	5	4	17	5	13	7	13	10	16	 	16	15	18	38	33	39	41	 
Mongolia	1	24	41	58	56	34	40	9	15	3	8	0	0	5	4	2	0	5	0	0	3	0	0	0	0	0	0	0	0	0	0	0	0	0	0	0	0	0	 	 	 	 	 	 	 	 	 	 	 	 	 	 	 
Morocco	19	15	5	11	13	5	8	2	4	4	5	9	2	4	1	0	0	0	0	0	0	0	0	 	 	 	 	 	 	 	 	 	 	0	1	0	0	0	0	1	0	1	0	0	0	0	0	1	0	1	1	0	 
Mozambique	0	0	1	4	1	3	6	1	5	0	3	1	0	0	0	0	1	1	0	1	0	0	2	1	2	0	0	1	0	1	1	7	0	1	2	0	0	0	0	0	0	0	0	0	0	0	0	0	0	0	0	0	 
Nepal	0	4	1	1	1	7	11	77	185	159	205	157	78	78	70	51	5	3	0	0	0	0	0	2	0	2	3	3	4	3	2	1	1	3	12	10	13	11	2	2	1	1	0	 	 	 	 	 	 	 	 	 	 
Netherlands	223	244	252	285	322	311	232	236	148	95	63	83	53	33	36	16	22	16	4	5	1	2	0	1	0	0	0	 	 	 	 	 	 	 	 	 	 	 	 	 	 	 	 	 	 	 	 	 	 	 	 	 	 
New Caledonia	2	2	7	4	1	1	0	4	0	2	3	4	2	1	3	0	2	0	0	0	1	1	0	0	0	0	0	1	1	2	2	0	4	3	5	2	7	3	2	9	2	2	4	5	11	3	10	15	13	14	10	7	 
New Zealand	 	 	 	 	 	 	 	 	 	 	 	 	 	 	 	 	 	9	7	8	8	11	28	50	63	83	209	278	388	441	442	507	479	477	422	427	288	304	173	 	 	 	 	 	 	 	 	 	 	 	 	 	 
Nicaragua	0	0	0	0	0	0	0	0	0	0	0	0	0	0	0	0	0	0	0	0	0	0	0	0	0	0	0	0	0	0	 	 	 	 	 	 	 	 	 	 	 	 	 	 	 	 	 	 	 	 	 	 	 
Nigeria	0	0	0	0	0	0	2	6	3	0	2	0	3	4	4	0	0	1	5	6	5	5	0	11	5	2	7	2	1	3	4	6	0	4	5	4	1	0	0	0	0	0	0	0	1	3	4	0	2	0	4	0	 
Norway	539	481	668	1027	1317	1855	1803	1758	1277	1169	915	679	396	412	315	235	177	195	108	91	65	51	32	25	20	13	 	 	 	 	 	 	 	 	 	 	 	 	 	 	 	 	 	 	 	 	 	 	 	 	 	 	 
Oman	13	10	17	16	25	21	22	19	24	46	60	78	70	86	59	52	51	38	36	36	16	18	15	11	8	3	3	5	5	6	6	 	1	3	2	7	1	1	17	22	19	31	18	19	40	42	49	34	64	75	94	144	 
Pakistan	5	6	1	7	0	8	7	2	4	9	4	2	7	1	4	1	0	0	0	0	0	0	0	0	0	0	0	0	0	0	0	 	 	 	 	 	 	 	 	 	 	 	0	0	2	3	5	13	23	16	3	10	 
Panama	1	0	0	0	0	0	0	0	0	0	0	0	0	0	0	0	0	0	0	0	0	0	0	0	1	1	0	0	0	0	2	0	3	 	 	 	 	 	 	 	 	 	 	 	 	 	 	 	 	 	 	 	 
Paraguay	3	1	3	4	1	2	5	0	3	5	2	1	0	2	0	1	1	5	15	14	18	65	117	118	117	100	104	73	42	44	31	29	15	 	 	 	 	 	 	 	 	 	 	 	 	 	 	 	 	 	 	 	 
Peru	0	0	1	1	0	3	0	8	2	1	22	9	2	7	3	19	9	21	33	25	34	19	21	17	12	16	31	24	16	7	3	7	 	 	 	 	 	 	 	 	 	 	 	 	 	 	 	 	 	 	 	 	 
Philippines	7	10	9	8	13	5	6	2	0	5	5	3	1	1	1	0	1	1	0	2	5	0	1	4	2	1	12	13	3	11	6	3	6	4	1	2	2	1	1	2	1	0	0	1	0	1	0	0	0	1	 	 	 
Poland	0	3	3	9	14	50	64	69	67	56	40	38	20	 	12	15	6	0	4	1	0	0	0	0	0	0	0	0	0	0	0	0	0	0	0	0	0	0	0	0	0	1	0	0	1	3	0	1	1	4	0	3	 
Portugal	106	142	184	159	142	107	89	82	51	27	14	19	5	5	2	1	2	3	1	0	0	0	 	 	 	 	 	 	 	 	 	 	 	 	 	 	 	 	 	 	 	 	 	 	 	 	 	 	 	 	 	 	 
Qatar	70	49	56	52	70	108	101	106	79	73	63	33	23	35	32	34	10	30	29	25	13	18	19	9	18	9	8	5	8	2	7	1	2	12	11	16	18	19	41	35	85	142	222	287	576	493	384	315	332	275	260	 	 
Republic of Korea	37	57	71	96	101	144	122	113	106	124	138	97	110	93	65	47	20	12	9	4	2	3	0	0	0	0	0	0	0	1	0	0	0	0	0	2	1	0	0	0	1	0	0	2	1	1	0	0	1	5	8	12	 
Republic of Moldova	0	3	2	5	10	24	33	43	28	18	20	12	18	6	1	4	0	2	1	0	0	0	0	0	0	0	0	 	 	 	 	 	 	 	 	 	 	 	 	 	 	 	 	 	 	 	 	 	 	 	 	 	 
Romania	1	1	16	27	40	58	65	74	78	73	55	58	28	20	9	5	4	2	 	1	0	0	0	0	0	0	0	0	0	0	0	0	0	0	0	0	0	0	0	0	0	1	0	0	0	0	0	0	0	0	1	2	 
Russian Federation	25	226	433	622	875	1137	1321	1150	1067	895	911	583	439	326	248	160	117	61	57	18	27	10	4	3	4	0	0	0	0	0	0	0	0	0	0	0	0	0	0	0	0	0	0	0	0	0	0	1	0	8	9	0	 
Rwanda	0	2	1	0	0	0	0	0	3	1	2	3	5	0	2	 	 	 	 	2	1	0	1	0	6	0	0	1	0	0	0	0	1	0	0	0	0	0	0	0	0	0	 	 	 	 	 	 	 	 	 	 	 
Senegal	0	1	5	14	22	31	34	33	33	23	12	6	2	10	9	4	4	2	4	2	8	6	11	2	4	7	8	12	10	8	9	3	10	11	23	21	26	29	17	20	38	20	11	5	2	3	1	2	2	0	0	0	 
Serbia	0	2	11	22	26	51	28	67	40	58	38	30	23	13	11	5	2	1	0	 	 	 	 	 	 	 	 	 	 	 	 	 	 	 	 	 	 	 	 	 	 	 	 	 	 	 	 	 	 	 	 	 	 
Singapore	13	9	15	6	14	13	3	14	10	5	7	7	9	8	15	20	13	15	22	27	43	39	51	71	86	28	43	16	14	13	9	7	3	5	4	1	6	10	4	6	3	4	5	9	2	7	5	10	4	15	3	5	 
Slovakia	2	0	2	9	19	17	53	49	23	14	17	6	4	1	1	0	0	1	0	0	0	0	0	0	0	1	0	 	 	 	 	 	 	 	 	 	 	 	 	 	 	 	 	 	 	 	 	 	 	 	 	 	 
Slovenia	52	79	93	82	50	60	60	32	26	48	52	61	35	35	36	13	6	4	3	3	1	0	0	0	0	0	0	 	 	 	 	 	 	 	 	 	 	 	 	 	 	 	 	 	 	 	 	 	 	 	 	 	 
South Africa	0	5	0	2	0	2	1	3	0	2	3	2	3	1	6	2	9	12	21	61	62	91	72	126	76	86	49	28	19	11	5	11	11	15	13	14	4	9	4	5	6	6	1	3	0	2	0	4	2	1	0	0	 
Spain	272	627	850	1045	1151	1320	1293	904	578	335	191	119	57	19	20	16	8	2	1	3	1	1	4	0	0	0	0	0	0	0	0	0	0	0	0	0	0	0	0	0	0	0	0	0	0	0	0	0	0	0	0	2	 
Sri Lanka	5	5	9	5	4	9	1	6	9	23	13	16	10	12	2	9	15	23	39	54	100	105	197	161	137	89	52	23	26	15	11	 	2	1	0	0	2	 	1	7	15	11	42	20	21	25	24	20	14	21	22	13	 
Sweden	176	256	280	442	631	978	1154	1113	1103	895	642	648	612	561	348	272	165	121	47	30	12	7	8	2	2	 	 	 	 	 	 	 	 	 	 	 	 	 	 	 	 	 	 	 	 	 	 	 	 	 	 	 	 
Switzerland	137	263	207	570	949	530	1128	967	453	358	206	65	62	65	17	 	 	 	 	 	 	 	 	 	 	 	 	 	 	 	 	 	 	 	 	 	 	 	 	 	 	 	 	 	 	 	 	 	 	 	 	 	 
Thailand	4	1	6	2	7	10	2	9	7	9	5	4	9	5	0	8	5	0	7	8	2	3	7	3	16	3	4	2	7	5	2	6	9	6	5	7	8	13	9	9	11	3	3	5	21	9	9	4	4	0	3	0	 
Togo	1	1	1	2	4	2	1	1	3	0	2	1	0	0	2	5	6	1	1	3	2	0	6	9	3	5	2	0	1	2	3	0	2	1	2	0	0	1	0	3	5	2	6	2	3	6	10	5	6	5	1	1	 
Tunisia	7	2	6	13	13	10	48	28	36	26	19	5	3	4	2	1	1	0	0	1	 	 	 	 	 	 	 	 	 	 	 	 	 	 	 	 	 	 	3	0	0	0	0	0	0	1	0	0	0	1	0	0	 
Turkey	6	12	12	20	34	44	45	63	127	176	252	420	347	175	98	64	24	23	9	2	2	0	2	0	0	0	 	 	 	 	 	 	 	 	 	 	 	 	 	 	 	 	 	 	 	 	 	 	 	 	 	 	 
Uganda	2	1	0	0	0	0	2	2	1	0	3	3	2	8	9	8	2	2	5	1	1	2	1	3	18	14	25	16	46	21	7	15	9	3	2	6	4	4	2	2	5	8	11	3	3	1	 	 	 	 	 	 	 
Ukraine	5	13	15	33	30	35	38	48	18	16	24	16	12	11	11	9	2	1	0	0	0	 	 	 	 	 	 	 	 	 	 	 	 	 	 	 	 	 	0	0	0	0	0	0	0	2	0	0	9	9	27	22	 
United Kingdom of Great Britain and Northern Ireland	387	343	415	453	452	501	468	302	202	203	201	154	154	138	153	85	53	51	43	48	33	22	30	20	11	8	3	 	 	 	 	 	 	 	 	 	 	 	 	 	 	 	 	 	 	 	 	 	 	 	 	 	 
United Republic of Tanzania	1	1	8	3	0	0	1	0	3	1	0	6	0	0	0	0	2	0	7	2	1	12	0	9	0	2	2	0	2	3	1	3	0	2	1	0	2	2	0	6	0	2	5	6	4	4	2	0	1	1	15	1	 
United States of America	9238	8645	7983	6880	5622	4195	3369	2839	2688	2524	2208	1910	1666	1472	1127	772	610	527	384	307	226	193	178	152	121	129	99	86	80	77	91	79	96	98	134	131	167	115	105	208	224	217	197	181	219	 	 	 	 	 	 	 	 
Uruguay	0	0	0	0	0	0	0	0	0	0	0	0	0	0	0	0	0	0	0	0	0	0	0	1	0	1	3	0	1	0	3	4	3	 	 	 	 	 	 	 	 	 	 	 	 	 	 	 	 	 	 	 	 
Uzbekistan	7	5	0	1	1	0	5	5	3	4	3	2	2	0	0	1	0	0	0	 	 	 	 	 	 	 	 	 	 	 	 	 	 	 	 	 	 	 	 	 	 	 	 	 	 	 	 	 	 	 	 	 	 
Venezuela	3	1	0	0	1	0	0	0	0	0	2	0	0	0	0	2	2	0	0	0	0	0	1	0	3	1	5	2	9	9	7	2	3	1	2	0	1	0	0	0	0	0	0	1	0	2	0	0	0	0	0	 	 
Viet Nam	2	2	7	3	4	4	1	0	3	4	24	27	12	10	17	12	14	3	19	15	8	10	14	13	22	12	17	26	14	18	18	22	19	26	11	14	14	13	11	10	18	18	12	17	8	 	10	16	6	4	0	4	 
Zambia	0	3	0	0	2	0	10	10	4	0	3	4	2	2	3	3	4	2	0	0	2	5	1	1	4	7	5	4	1	5	2	0	5	4	4	1	2	4	3	2	7	11	7	0	2	14	3	2	3	1	1	1	 

